[0, 0]
[1, 0, 1, 0]
[1, 0]
[0, 1, 1, 0]
[0, 1]
[1, 1, 0, 1]
[2, 0]
[1, 0, 1, 0]
[1, 1]
[1, 1, 0, 0]
[0, 2]
[1, 1, 1, 0]
[3, 0]
[0, 0, 1, 0]
[2, 1]
[1, 1, 0, 0]
[1, 2]
[1, 0, 0, 1]
[0, 3]
[1, 1, 0, 0]
[4, 0]
[0, 1, 1, 0]
[3, 1]
[1, 1, 0, 1]
[2, 2]
[0, 1, 0, 1]
[1, 3]
[1, 0, 1, 0]
[0, 4]
[1, 1, 0, 0]
[5, 0]
[1, 0, 1, 0]
[4, 1]
[1, 1, 0, 0]
[3, 2]
[1, 0, 1, 0]
[2, 3]
[0, 0, 1, 1]
[1, 4]
[1, 1, 0, 0]
[0, 5]
[1, 0, 0, 0]
[6, 0]
[0, 0, 1, 1]
[5, 1]
[1, 1, 0, 0]
[4, 2]
[0, 1, 0, 1]
[3, 3]
[0, 1, 0, 1]
[2, 4]
[1, 0, 1, 0]
[1, 5]
[0, 1, 0, 1]
[0, 6]
[1, 1, 0, 0]
[7, 0]
[0, 0, 1, 1]
[6, 1]
[1, 1, 1, 0]
[5, 2]
[1, 0, 0, 0]
[4, 3]
[1, 1, 1, 0]
[3, 4]
[0, 1, 1, 1]
[2, 5]
[1, 1, 0, 0]
[1, 6]
[1, 1, 1, 0]
[0, 7]
[1, 0, 0, 0]
[8, 0]
[0, 1, 1, 0]
[7, 1]
[1, 1, 1, 0]
[6, 2]
[0, 1, 0, 1]
[5, 3]
[1, 0, 0, 0]
[4, 4]
[1, 0, 0, 0]
[3, 5]
[1, 0, 1, 1]
[2, 6]
[1, 0, 0, 0]
[1, 7]
[0, 0, 0, 1]
[0, 8]
[1, 1, 0, 0]
[9, 0]
[1, 0, 1, 0]
[8, 1]
[1, 0, 0, 0]
[7, 2]
[1, 0, 0, 0]
[6, 3]
[0, 1, 1, 0]
[5, 4]
[0, 1, 0, 0]
[4, 5]
[0, 1, 0, 1]
[3, 6]
[0, 0, 1, 1]
[2, 7]
[0, 1, 0, 1]
[1, 8]
[1, 1, 1, 0]
[0, 9]
[1, 1, 0, 0]
[10, 0]
[0, 1, 1, 1]
[9, 1]
[0, 0, 0, 1]
[8, 2]
[0, 1, 0, 1]
[7, 3]
[1, 0, 0, 0]
[6, 4]
[1, 1, 0, 0]
[5, 5]
[1, 1, 0, 0]
[4, 6]
[0, 0, 1, 1]
[3, 7]
[1, 0, 1, 0]
[2, 8]
[1, 0, 1, 0]
[1, 9]
[1, 0, 0, 0]
[0, 10]
[1, 0, 0, 0]
[11, 0]
[1, 0, 1, 0]
[10, 1]
[0, 0, 1, 1]
[9, 2]
[1, 0, 1, 0]
[8, 3]
[0, 1, 1, 1]
[7, 4]
[1, 1, 0, 1]
[6, 5]
[1, 0, 0, 1]
[5, 6]
[0, 0, 0, 1]
[4, 7]
[0, 0, 1, 1]
[3, 8]
[0, 1, 0, 1]
[2, 9]
[0, 1, 0, 1]
[1, 10]
[0, 0, 0, 1]
[0, 11]
[1, 0, 0, 1]
[12, 0]
[0, 0, 1, 1]
[11, 1]
[0, 1, 0, 0]
[10, 2]
[0, 1, 1, 0]
[9, 3]
[1, 1, 0, 1]
[8, 4]
[1, 0, 1, 1]
[7, 5]
[0, 0, 1, 1]
[6, 6]
[0, 0, 1, 1]
[5, 7]
[0, 0, 1, 1]
[4, 8]
[1, 0, 1, 0]
[3, 9]
[1, 1, 1, 0]
[2, 10]
[0, 0, 1, 1]
[1, 11]
[0, 0, 1, 1]
[0, 12]
[1, 0, 1, 0]
[13, 0]
[0, 1, 1, 0]
[12, 1]
[1, 0, 1, 1]
[11, 2]
[1, 1, 0, 0]
[10, 3]
[1, 0, 0, 1]
[9, 4]
[0, 0, 1, 0]
[8, 5]
[0, 0, 1, 1]
[7, 6]
[0, 0, 1, 1]
[6, 7]
[0, 1, 1, 1]
[5, 8]
[0, 0, 1, 1]
[4, 9]
[1, 1, 0, 0]
[3, 10]
[0, 1, 0, 1]
[2, 11]
[0, 0, 1, 0]
[1, 12]
[0, 0, 1, 1]
[0, 13]
[1, 0, 0, 1]
[14, 0]
[1, 0, 1, 0]
[13, 1]
[0, 1, 0, 0]
[12, 2]
[1, 1, 1, 0]
[11, 3]
[0, 1, 0, 0]
[10, 4]
[0, 1, 1, 1]
[9, 5]
[0, 1, 0, 1]
[8, 6]
[0, 0, 1, 1]
[7, 7]
[1, 0, 1, 0]
[6, 8]
[0, 0, 1, 1]
[5, 9]
[1, 0, 1, 0]
[4, 10]
[1, 1, 0, 1]
[3, 11]
[0, 1, 1, 0]
[2, 12]
[0, 1, 0, 1]
[1, 13]
[0, 0, 1, 1]
[0, 14]
[1, 0, 1, 0]
[15, 0]
[0, 1, 1, 1]
[14, 1]
[1, 1, 0, 0]
[13, 2]
[1, 1, 0, 0]
[12, 3]
[1, 1, 0, 0]
[11, 4]
[1, 1, 0, 1]
[10, 5]
[1, 1, 1, 0]
[9, 6]
[0, 0, 1, 1]
[8, 7]
[0, 0, 1, 0]
[7, 8]
[0, 1, 0, 1]
[6, 9]
[0, 1, 1, 0]
[5, 10]
[1, 1, 0, 0]
[4, 11]
[1, 0, 1, 0]
[3, 12]
[1, 1, 0, 0]
[2, 13]
[0, 1, 1, 1]
[1, 14]
[0, 0, 1, 1]
[0, 15]
[1, 1, 0, 0]
[16, 0]
[1, 0, 1, 1]
[15, 1]
[1, 0, 1, 1]
[14, 2]
[1, 0, 0, 0]
[13, 3]
[1, 1, 0, 0]
[12, 4]
[1, 1, 0, 0]
[11, 5]
[1, 1, 1, 0]
[10, 6]
[0, 1, 0, 0]
[9, 7]
[0, 0, 1, 0]
[8, 8]
[1, 1, 0, 1]
[7, 9]
[1, 0, 1, 1]
[6, 10]
[1, 0, 0, 1]
[5, 11]
[0, 1, 0, 1]
[4, 12]
[1, 0, 0, 1]
[3, 13]
[1, 1, 0, 0]
[2, 14]
[0, 0, 1, 0]
[1, 15]
[1, 0, 1, 1]
[0, 16]
[1, 0, 0, 1]
[17, 0]
[0, 0, 1, 0]
[16, 1]
[0, 1, 1, 0]
[15, 2]
[0, 1, 1, 0]
[14, 3]
[1, 1, 0, 0]
[13, 4]
[1, 1, 0, 0]
[12, 5]
[1, 1, 0, 0]
[11, 6]
[1, 0, 0, 0]
[10, 7]
[0, 1, 0, 1]
[9, 8]
[1, 0, 0, 1]
[8, 9]
[0, 0, 1, 1]
[7, 10]
[0, 0, 1, 1]
[6, 11]
[1, 0, 1, 0]
[5, 12]
[0, 0, 1, 0]
[4, 13]
[1, 0, 1, 1]
[3, 14]
[0, 0, 0, 1]
[2, 15]
[0, 1, 0, 1]
[1, 16]
[0, 1, 1, 0]
[0, 17]
[1, 1, 1, 0]
[18, 0]
[0, 0, 1, 1]
[17, 1]
[1, 1, 0, 0]
[16, 2]
[1, 1, 0, 0]
[15, 3]
[1, 1, 0, 0]
[14, 4]
[1, 1, 0, 0]
[13, 5]
[1, 1, 0, 1]
[12, 6]
[0, 1, 0, 1]
[11, 7]
[1, 0, 0, 0]
[10, 8]
[0, 1, 1, 0]
[9, 9]
[0, 0, 1, 1]
[8, 10]
[0, 0, 1, 1]
[7, 11]
[0, 1, 1, 0]
[6, 12]
[0, 1, 0, 1]
[5, 13]
[0, 1, 0, 0]
[4, 14]
[0, 1, 1, 1]
[3, 15]
[1, 0, 1, 0]
[2, 16]
[1, 0, 1, 0]
[1, 17]
[1, 1, 0, 0]
[0, 18]
[1, 0, 0, 0]
[19, 0]
[0, 1, 1, 0]
[18, 1]
[1, 1, 1, 0]
[17, 2]
[1, 0, 0, 1]
[16, 3]
[1, 1, 0, 0]
[15, 4]
[1, 1, 0, 1]
[14, 5]
[1, 0, 0, 0]
[13, 6]
[1, 0, 1, 0]
[12, 7]
[0, 0, 1, 1]
[11, 8]
[1, 0, 0, 1]
[10, 9]
[0, 1, 0, 0]
[9, 10]
[0, 1, 1, 0]
[8, 11]
[1, 0, 1, 0]
[7, 12]
[1, 1, 0, 0]
[6, 13]
[1, 0, 1, 1]
[5, 14]
[1, 1, 0, 0]
[4, 15]
[0, 0, 1, 0]
[3, 16]
[0, 1, 0, 1]
[2, 17]
[1, 1, 0, 0]
[1, 18]
[0, 1, 0, 1]
[0, 19]
[1, 1, 0, 0]
[20, 0]
[1, 0, 1, 0]
[19, 1]
[1, 1, 0, 0]
[18, 2]
[0, 1, 0, 1]
[17, 3]
[1, 1, 1, 0]
[16, 4]
[1, 1, 0, 0]
[15, 5]
[0, 0, 1, 1]
[14, 6]
[0, 0, 0, 1]
[13, 7]
[0, 1, 0, 1]
[12, 8]
[0, 0, 1, 0]
[11, 9]
[1, 0, 1, 0]
[10, 10]
[1, 0, 0, 0]
[9, 11]
[0, 0, 0, 1]
[8, 12]
[1, 0, 0, 1]
[7, 13]
[0, 0, 0, 1]
[6, 14]
[1, 0, 1, 0]
[5, 15]
[0, 1, 0, 1]
[4, 16]
[1, 0, 0, 1]
[3, 17]
[1, 0, 1, 1]
[2, 18]
[1, 0, 0, 0]
[1, 19]
[1, 1, 1, 0]
[0, 20]
[1, 1, 0, 0]
[21, 0]
[0, 0, 1, 1]
[20, 1]
[1, 0, 0, 1]
[19, 2]
[1, 0, 0, 1]
[18, 3]
[1, 0, 1, 0]
[17, 4]
[1, 1, 0, 0]
[16, 5]
[0, 1, 0, 0]
[15, 6]
[0, 1, 1, 0]
[14, 7]
[1, 1, 1, 0]
[13, 8]
[0, 1, 1, 1]
[12, 9]
[0, 0, 0, 1]
[11, 10]
[0, 1, 0, 1]
[10, 11]
[0, 1, 0, 0]
[9, 12]
[0, 1, 1, 0]
[8, 13]
[0, 1, 1, 1]
[7, 14]
[0, 1, 1, 0]
[6, 15]
[1, 1, 0, 1]
[5, 16]
[0, 0, 1, 0]
[4, 17]
[0, 1, 1, 0]
[3, 18]
[0, 0, 1, 1]
[2, 19]
[1, 1, 0, 0]
[1, 20]
[1, 0, 0, 1]
[0, 21]
[1, 0, 0, 1]
[22, 0]
[0, 0, 1, 1]
[21, 1]
[0, 0, 1, 1]
[20, 2]
[0, 0, 1, 1]
[19, 3]
[0, 0, 1, 1]
[18, 4]
[1, 0, 0, 1]
[17, 5]
[1, 0, 0, 1]
[16, 6]
[1, 0, 0, 1]
[15, 7]
[1, 0, 0, 1]
[14, 8]
[1, 0, 0, 0]
[13, 9]
[0, 0, 1, 1]
[12, 10]
[1, 0, 1, 1]
[11, 11]
[1, 0, 1, 1]
[10, 12]
[1, 0, 0, 1]
[9, 13]
[1, 0, 0, 0]
[8, 14]
[1, 1, 1, 0]
[7, 15]
[1, 1, 0, 0]
[6, 16]
[0, 0, 1, 1]
[5, 17]
[1, 1, 0, 0]
[4, 18]
[0, 1, 0, 0]
[3, 19]
[1, 0, 1, 0]
[2, 20]
[0, 1, 0, 1]
[1, 21]
[0, 0, 1, 1]
[0, 22]
[1, 1, 1, 0]
[23, 0]
[0, 0, 1, 1]
[22, 1]
[0, 1, 1, 1]
[21, 2]
[0, 0, 1, 0]
[20, 3]
[0, 0, 1, 1]
[19, 4]
[0, 1, 1, 0]
[18, 5]
[0, 1, 1, 0]
[17, 6]
[0, 0, 1, 1]
[16, 7]
[0, 1, 1, 0]
[15, 8]
[0, 1, 1, 0]
[14, 9]
[0, 1, 0, 1]
[13, 10]
[0, 1, 1, 0]
[12, 11]
[0, 1, 1, 0]
[11, 12]
[0, 0, 1, 1]
[10, 13]
[0, 0, 1, 1]
[9, 14]
[1, 0, 0, 1]
[8, 15]
[1, 0, 0, 1]
[7, 16]
[0, 0, 0, 1]
[6, 17]
[1, 0, 1, 0]
[5, 18]
[1, 1, 0, 0]
[4, 19]
[0, 1, 0, 0]
[3, 20]
[1, 1, 0, 0]
[2, 21]
[0, 1, 1, 0]
[1, 22]
[1, 0, 1, 0]
[0, 23]
[1, 1, 0, 0]
[24, 0]
[0, 1, 1, 0]
[23, 1]
[1, 0, 1, 0]
[22, 2]
[0, 0, 1, 1]
[21, 3]
[0, 1, 0, 0]
[20, 4]
[1, 1, 1, 0]
[19, 5]
[1, 1, 0, 0]
[18, 6]
[0, 1, 0, 1]
[17, 7]
[1, 0, 1, 1]
[16, 8]
[1, 0, 0, 1]
[15, 9]
[1, 0, 0, 1]
[14, 10]
[1, 0, 1, 0]
[13, 11]
[1, 0, 0, 0]
[12, 12]
[0, 0, 0, 1]
[11, 13]
[0, 1, 1, 0]
[10, 14]
[0, 1, 1, 1]
[9, 15]
[0, 0, 1, 1]
[8, 16]
[0, 0, 1, 1]
[7, 17]
[0, 0, 1, 1]
[6, 18]
[1, 0, 0, 1]
[5, 19]
[1, 1, 0, 1]
[4, 20]
[1, 0, 0, 1]
[3, 21]
[1, 0, 0, 0]
[2, 22]
[0, 1, 0, 1]
[1, 23]
[1, 1, 0, 0]
[0, 24]
[1, 0, 0, 1]
[25, 0]
[1, 0, 1, 0]
[24, 1]
[0, 1, 0, 1]
[23, 2]
[0, 1, 0, 1]
[22, 3]
[1, 0, 1, 0]
[21, 4]
[1, 0, 0, 1]
[20, 5]
[1, 0, 0, 1]
[19, 6]
[1, 0, 0, 1]
[18, 7]
[0, 0, 1, 1]
[17, 8]
[0, 0, 1, 1]
[16, 9]
[0, 1, 1, 1]
[15, 10]
[0, 0, 1, 1]
[14, 11]
[0, 1, 0, 0]
[13, 12]
[0, 1, 0, 1]
[12, 13]
[1, 0, 1, 0]
[11, 14]
[1, 0, 0, 1]
[10, 15]
[0, 1, 1, 0]
[9, 16]
[0, 1, 1, 0]
[8, 17]
[0, 1, 1, 0]
[7, 18]
[0, 1, 1, 0]
[6, 19]
[1, 1, 1, 0]
[5, 20]
[0, 0, 1, 1]
[4, 21]
[0, 0, 1, 1]
[3, 22]
[1, 1, 0, 0]
[2, 23]
[1, 0, 1, 0]
[1, 24]
[0, 1, 0, 1]
[0, 25]
[1, 0, 1, 0]
[26, 0]
[0, 0, 1, 1]
[25, 1]
[1, 0, 0, 0]
[24, 2]
[1, 0, 1, 1]
[23, 3]
[0, 0, 1, 1]
[22, 4]
[0, 1, 0, 1]
[21, 5]
[0, 1, 1, 0]
[20, 6]
[0, 1, 1, 0]
[19, 7]
[0, 0, 1, 0]
[18, 8]
[0, 1, 1, 0]
[17, 9]
[1, 0, 1, 1]
[16, 10]
[0, 0, 1, 1]
[15, 11]
[1, 1, 1, 0]
[14, 12]
[1, 1, 0, 1]
[13, 13]
[0, 0, 1, 1]
[12, 14]
[0, 1, 0, 1]
[11, 15]
[1, 0, 1, 1]
[10, 16]
[1, 1, 0, 0]
[9, 17]
[1, 1, 0, 0]
[8, 18]
[1, 1, 0, 0]
[7, 19]
[1, 1, 0, 0]
[6, 20]
[0, 1, 0, 1]
[5, 21]
[0, 0, 1, 0]
[4, 22]
[1, 1, 1, 0]
[3, 23]
[0, 0, 0, 1]
[2, 24]
[1, 0, 0, 1]
[1, 25]
[0, 0, 1, 1]
[0, 26]
[1, 0, 0, 0]
[27, 0]
[0, 0, 1, 1]
[26, 1]
[0, 0, 1, 1]
[25, 2]
[0, 0, 0, 1]
[24, 3]
[0, 0, 1, 1]
[23, 4]
[1, 1, 1, 0]
[22, 5]
[1, 0, 1, 0]
[21, 6]
[1, 1, 0, 0]
[20, 7]
[0, 1, 0, 0]
[19, 8]
[1, 1, 0, 0]
[18, 9]
[0, 0, 0, 1]
[17, 10]
[0, 0, 1, 1]
[16, 11]
[1, 1, 1, 0]
[15, 12]
[1, 0, 0, 0]
[14, 13]
[0, 0, 1, 1]
[13, 14]
[1, 0, 1, 0]
[12, 15]
[0, 1, 1, 0]
[11, 16]
[1, 0, 1, 0]
[10, 17]
[1, 1, 0, 0]
[9, 18]
[1, 0, 0, 0]
[8, 19]
[1, 0, 0, 1]
[7, 20]
[1, 1, 0, 1]
[6, 21]
[0, 0, 1, 1]
[5, 22]
[1, 0, 0, 1]
[4, 23]
[0, 1, 0, 0]
[3, 24]
[0, 1, 1, 0]
[2, 25]
[0, 1, 1, 0]
[1, 26]
[0, 1, 1, 0]
[0, 27]
[1, 1, 0, 0]
[28, 0]
[0, 1, 1, 0]
[27, 1]
[0, 1, 1, 0]
[26, 2]
[0, 1, 1, 1]
[25, 3]
[0, 0, 1, 1]
[24, 4]
[1, 0, 1, 0]
[23, 5]
[0, 1, 0, 1]
[22, 6]
[1, 0, 0, 0]
[21, 7]
[1, 1, 0, 0]
[20, 8]
[1, 1, 0, 1]
[19, 9]
[0, 1, 0, 1]
[18, 10]
[0, 1, 1, 1]
[17, 11]
[1, 0, 1, 0]
[16, 12]
[0, 0, 0, 1]
[15, 13]
[0, 1, 0, 1]
[14, 14]
[0, 0, 1, 0]
[13, 15]
[1, 1, 0, 0]
[12, 16]
[0, 1, 0, 1]
[11, 17]
[1, 0, 0, 0]
[10, 18]
[0, 1, 0, 1]
[9, 19]
[0, 1, 0, 1]
[8, 20]
[1, 0, 1, 0]
[7, 21]
[0, 1, 1, 0]
[6, 22]
[0, 1, 1, 0]
[5, 23]
[1, 0, 1, 0]
[4, 24]
[1, 1, 0, 0]
[3, 25]
[1, 1, 0, 0]
[2, 26]
[1, 1, 0, 1]
[1, 27]
[1, 1, 0, 0]
[0, 28]
[1, 1, 0, 0]
[29, 0]
[1, 1, 1, 0]
[28, 1]
[1, 0, 0, 1]
[27, 2]
[1, 0, 0, 0]
[26, 3]
[0, 1, 1, 0]
[25, 4]
[0, 0, 1, 1]
[24, 5]
[1, 0, 0, 1]
[23, 6]
[0, 0, 1, 1]
[22, 7]
[1, 0, 0, 1]
[21, 8]
[1, 1, 0, 0]
[20, 9]
[1, 0, 1, 0]
[19, 10]
[1, 0, 1, 0]
[18, 11]
[0, 0, 1, 1]
[17, 12]
[0, 1, 0, 0]
[16, 13]
[1, 1, 1, 0]
[15, 14]
[0, 0, 1, 0]
[14, 15]
[1, 1, 0, 1]
[13, 16]
[1, 1, 0, 0]
[12, 17]
[0, 0, 1, 1]
[11, 18]
[1, 0, 0, 0]
[10, 19]
[1, 0, 1, 0]
[9, 20]
[0, 1, 1, 0]
[8, 21]
[1, 1, 0, 0]
[7, 22]
[1, 1, 0, 0]
[6, 23]
[0, 1, 0, 1]
[5, 24]
[1, 1, 0, 0]
[4, 25]
[1, 1, 0, 1]
[3, 26]
[1, 0, 0, 1]
[2, 27]
[1, 0, 1, 0]
[1, 28]
[1, 1, 0, 0]
[0, 29]
[1, 1, 0, 1]
[29, 1]
[0, 1, 0, 1]
[28, 2]
[0, 0, 1, 1]
[27, 3]
[1, 0, 0, 0]
[26, 4]
[0, 1, 0, 1]
[25, 5]
[0, 1, 1, 0]
[24, 6]
[0, 0, 1, 1]
[23, 7]
[0, 0, 1, 1]
[22, 8]
[1, 0, 1, 0]
[21, 9]
[0, 1, 0, 1]
[20, 10]
[0, 1, 0, 1]
[19, 11]
[0, 1, 0, 1]
[18, 12]
[1, 0, 1, 1]
[17, 13]
[1, 1, 0, 0]
[16, 14]
[0, 1, 0, 1]
[15, 15]
[1, 0, 0, 1]
[14, 16]
[1, 0, 1, 0]
[13, 17]
[0, 1, 0, 1]
[12, 18]
[0, 1, 1, 1]
[11, 19]
[0, 1, 0, 1]
[10, 20]
[1, 1, 0, 0]
[9, 21]
[1, 1, 0, 0]
[8, 22]
[1, 1, 0, 1]
[7, 23]
[1, 1, 0, 0]
[6, 24]
[1, 1, 1, 0]
[5, 25]
[1, 0, 0, 1]
[4, 26]
[0, 0, 1, 1]
[3, 27]
[0, 0, 1, 0]
[2, 28]
[1, 1, 0, 0]
[1, 29]
[1, 0, 0, 1]
[29, 2]
[0, 1, 1, 0]
[28, 3]
[0, 1, 1, 1]
[27, 4]
[1, 1, 0, 1]
[26, 5]
[1, 0, 1, 0]
[25, 6]
[0, 1, 0, 1]
[24, 7]
[0, 0, 1, 1]
[23, 8]
[0, 0, 1, 1]
[22, 9]
[1, 1, 0, 1]
[21, 10]
[1, 0, 1, 0]
[20, 11]
[1, 1, 1, 0]
[19, 12]
[0, 0, 1, 0]
[18, 13]
[1, 0, 1, 0]
[17, 14]
[1, 0, 0, 0]
[16, 15]
[0, 0, 1, 1]
[15, 16]
[0, 1, 1, 0]
[14, 17]
[1, 1, 0, 1]
[13, 18]
[1, 1, 1, 0]
[12, 19]
[1, 0, 1, 0]
[11, 20]
[1, 0, 1, 0]
[10, 21]
[1, 0, 0, 1]
[9, 22]
[1, 0, 0, 1]
[8, 23]
[1, 0, 1, 0]
[7, 24]
[1, 0, 0, 1]
[6, 25]
[0, 0, 0, 1]
[5, 26]
[0, 0, 1, 1]
[4, 27]
[0, 1, 1, 1]
[3, 28]
[1, 1, 0, 0]
[2, 29]
[0, 1, 0, 1]
[29, 3]
[1, 1, 0, 0]
[28, 4]
[1, 0, 1, 0]
[27, 5]
[0, 0, 1, 1]
[26, 6]
[1, 1, 0, 0]
[25, 7]
[0, 1, 1, 0]
[24, 8]
[0, 1, 1, 0]
[23, 9]
[1, 1, 1, 0]
[22, 10]
[0, 0, 1, 0]
[21, 11]
[1, 1, 0, 0]
[20, 12]
[0, 1, 0, 1]
[19, 13]
[0, 1, 0, 1]
[18, 14]
[0, 1, 0, 1]
[17, 15]
[0, 1, 0, 1]
[16, 16]
[1, 0, 1, 0]
[15, 17]
[1, 0, 0, 1]
[14, 18]
[1, 0, 1, 0]
[13, 19]
[0, 1, 0, 1]
[12, 20]
[0, 1, 0, 1]
[11, 21]
[0, 1, 0, 0]
[10, 22]
[0, 1, 1, 0]
[9, 23]
[0, 1, 1, 0]
[8, 24]
[0, 1, 0, 1]
[7, 25]
[0, 1, 1, 0]
[6, 26]
[0, 1, 1, 1]
[5, 27]
[1, 0, 1, 0]
[4, 28]
[1, 0, 1, 0]
[3, 29]
[1, 0, 0, 1]
[29, 4]
[0, 1, 0, 0]
[28, 5]
[0, 1, 0, 1]
[27, 6]
[1, 0, 1, 0]
[26, 7]
[1, 1, 0, 0]
[25, 8]
[1, 0, 0, 1]
[24, 9]
[1, 0, 0, 1]
[23, 10]
[0, 1, 0, 1]
[22, 11]
[1, 0, 0, 1]
[21, 12]
[1, 0, 0, 1]
[20, 13]
[1, 0, 1, 0]
[19, 14]
[1, 0, 1, 0]
[18, 15]
[1, 0, 1, 0]
[17, 16]
[0, 1, 1, 0]
[16, 17]
[0, 1, 0, 0]
[15, 18]
[0, 1, 1, 0]
[14, 19]
[1, 1, 0, 0]
[13, 20]
[1, 0, 1, 0]
[12, 21]
[1, 0, 1, 0]
[11, 22]
[1, 1, 0, 1]
[10, 23]
[1, 1, 0, 0]
[9, 24]
[1, 0, 0, 0]
[8, 25]
[1, 1, 1, 0]
[7, 26]
[1, 1, 0, 0]
[6, 27]
[0, 1, 1, 0]
[5, 28]
[0, 1, 0, 1]
[4, 29]
[0, 0, 0, 1]
[29, 5]
[1, 1, 0, 0]
[28, 6]
[0, 1, 1, 0]
[27, 7]
[1, 1, 0, 0]
[26, 8]
[0, 1, 0, 0]
[25, 9]
[0, 0, 1, 1]
[24, 10]
[1, 0, 1, 0]
[23, 11]
[0, 0, 1, 1]
[22, 12]
[0, 1, 1, 0]
[21, 13]
[0, 0, 1, 1]
[20, 14]
[0, 1, 0, 1]
[19, 15]
[0, 1, 0, 1]
[18, 16]
[1, 0, 0, 1]
[17, 17]
[1, 0, 0, 1]
[16, 18]
[1, 1, 0, 0]
[15, 19]
[1, 0, 0, 1]
[14, 20]
[0, 1, 0, 1]
[13, 21]
[0, 1, 0, 1]
[12, 22]
[1, 1, 0, 0]
[11, 23]
[1, 0, 1, 0]
[10, 24]
[0, 1, 0, 1]
[9, 25]
[1, 0, 0, 1]
[8, 26]
[1, 0, 0, 1]
[7, 27]
[1, 0, 0, 1]
[6, 28]
[1, 1, 0, 0]
[5, 29]
[0, 1, 1, 1]
[29, 6]
[1, 1, 0, 0]
[28, 7]
[1, 1, 0, 0]
[27, 8]
[1, 1, 0, 0]
[26, 9]
[0, 1, 0, 1]
[25, 10]
[0, 0, 1, 1]
[24, 11]
[0, 1, 0, 1]
[23, 12]
[1, 0, 1, 0]
[22, 13]
[0, 1, 0, 1]
[21, 14]
[1, 0, 1, 0]
[20, 15]
[1, 0, 1, 0]
[19, 16]
[0, 0, 1, 1]
[18, 17]
[0, 0, 1, 0]
[17, 18]
[1, 1, 1, 0]
[16, 19]
[0, 1, 0, 1]
[15, 20]
[1, 0, 1, 0]
[14, 21]
[1, 0, 1, 1]
[13, 22]
[1, 0, 1, 0]
[12, 23]
[0, 1, 0, 0]
[11, 24]
[1, 1, 0, 1]
[10, 25]
[0, 0, 1, 1]
[9, 26]
[0, 0, 1, 1]
[8, 27]
[0, 0, 1, 1]
[7, 28]
[1, 0, 1, 1]
[6, 29]
[1, 0, 0, 1]
[29, 7]
[1, 1, 0, 1]
[28, 8]
[1, 0, 0, 1]
[27, 9]
[1, 0, 0, 1]
[26, 10]
[0, 0, 1, 1]
[25, 11]
[1, 1, 1, 0]
[24, 12]
[0, 0, 1, 0]
[23, 13]
[1, 1, 0, 0]
[22, 14]
[0, 1, 1, 0]
[21, 15]
[0, 1, 0, 1]
[20, 16]
[0, 1, 0, 0]
[19, 17]
[0, 0, 1, 1]
[18, 18]
[1, 0, 0, 1]
[17, 19]
[1, 1, 0, 0]
[16, 20]
[0, 0, 1, 1]
[15, 21]
[0, 0, 0, 1]
[14, 22]
[0, 1, 1, 0]
[13, 23]
[1, 1, 0, 0]
[12, 24]
[1, 1, 0, 0]
[11, 25]
[0, 1, 1, 0]
[10, 26]
[0, 1, 1, 0]
[9, 27]
[0, 1, 1, 0]
[8, 28]
[0, 1, 1, 0]
[7, 29]
[0, 0, 1, 1]
[29, 8]
[0, 1, 1, 0]
[28, 9]
[0, 1, 1, 0]
[27, 10]
[0, 1, 1, 0]
[26, 11]
[1, 0, 1, 0]
[25, 12]
[0, 1, 0, 1]
[24, 13]
[1, 1, 0, 1]
[23, 14]
[1, 0, 0, 1]
[22, 15]
[1, 1, 0, 0]
[21, 16]
[1, 1, 1, 0]
[20, 17]
[0, 1, 0, 1]
[19, 18]
[0, 1, 1, 0]
[18, 19]
[1, 0, 1, 0]
[17, 20]
[0, 1, 0, 1]
[16, 21]
[0, 0, 1, 0]
[15, 22]
[1, 0, 1, 0]
[14, 23]
[1, 1, 0, 0]
[13, 24]
[1, 1, 0, 0]
[12, 25]
[1, 0, 0, 0]
[11, 26]
[1, 0, 0, 1]
[10, 27]
[1, 1, 0, 0]
[9, 28]
[1, 0, 0, 1]
[8, 29]
[0, 0, 0, 1]
[29, 9]
[1, 1, 0, 0]
[28, 10]
[1, 1, 0, 0]
[27, 11]
[0, 1, 0, 1]
[26, 12]
[1, 0, 0, 1]
[25, 13]
[1, 0, 1, 0]
[24, 14]
[0, 1, 1, 0]
[23, 15]
[1, 0, 1, 0]
[22, 16]
[1, 0, 0, 1]
[21, 17]
[1, 0, 0, 1]
[20, 18]
[1, 0, 1, 0]
[19, 19]
[0, 1, 0, 1]
[18, 20]
[1, 1, 0, 0]
[17, 21]
[0, 1, 1, 0]
[16, 22]
[0, 1, 0, 1]
[15, 23]
[1, 0, 0, 1]
[14, 24]
[1, 0, 0, 1]
[13, 25]
[0, 1, 0, 0]
[12, 26]
[0, 1, 0, 1]
[11, 27]
[1, 1, 1, 0]
[10, 28]
[0, 1, 0, 1]
[9, 29]
[0, 0, 1, 1]
[29, 10]
[1, 1, 0, 0]
[28, 11]
[1, 1, 0, 0]
[27, 12]
[0, 0, 1, 1]
[26, 13]
[0, 0, 1, 1]
[25, 14]
[1, 1, 0, 1]
[24, 15]
[0, 1, 0, 0]
[23, 16]
[0, 1, 0, 1]
[22, 17]
[0, 0, 1, 1]
[21, 18]
[0, 1, 1, 1]
[20, 19]
[1, 0, 0, 0]
[19, 20]
[1, 0, 1, 1]
[18, 21]
[1, 0, 0, 1]
[17, 22]
[1, 1, 0, 0]
[16, 23]
[0, 1, 1, 0]
[15, 24]
[0, 1, 1, 0]
[14, 25]
[1, 0, 1, 1]
[13, 26]
[1, 0, 0, 1]
[12, 27]
[1, 0, 1, 0]
[11, 28]
[1, 0, 0, 0]
[10, 29]
[0, 0, 1, 1]
[29, 11]
[1, 1, 0, 0]
[28, 12]
[0, 1, 0, 1]
[27, 13]
[0, 0, 1, 1]
[26, 14]
[1, 0, 1, 1]
[25, 15]
[1, 0, 1, 0]
[24, 16]
[1, 1, 0, 0]
[23, 17]
[0, 1, 1, 0]
[22, 18]
[1, 0, 1, 0]
[21, 19]
[0, 1, 1, 0]
[20, 20]
[0, 1, 0, 1]
[19, 21]
[0, 0, 1, 1]
[18, 22]
[1, 0, 1, 0]
[17, 23]
[1, 0, 0, 0]
[16, 24]
[1, 1, 0, 0]
[15, 25]
[0, 1, 0, 0]
[14, 26]
[0, 1, 1, 0]
[13, 27]
[0, 0, 1, 0]
[12, 28]
[0, 1, 0, 1]
[11, 29]
[0, 1, 0, 1]
[29, 12]
[1, 1, 0, 0]
[28, 13]
[0, 0, 1, 0]
[27, 14]
[0, 1, 1, 0]
[26, 15]
[0, 0, 1, 0]
[25, 16]
[1, 1, 0, 0]
[24, 17]
[1, 1, 0, 0]
[23, 18]
[0, 1, 0, 1]
[22, 19]
[1, 1, 0, 0]
[21, 20]
[1, 1, 0, 0]
[20, 21]
[0, 0, 1, 1]
[19, 22]
[0, 0, 1, 1]
[18, 23]
[0, 1, 0, 1]
[17, 24]
[1, 1, 0, 1]
[16, 25]
[1, 1, 0, 0]
[15, 26]
[1, 0, 0, 1]
[14, 27]
[0, 0, 0, 1]
[13, 28]
[1, 1, 0, 0]
[12, 29]
[1, 0, 1, 1]
[29, 13]
[0, 1, 0, 1]
[28, 14]
[1, 0, 0, 1]
[27, 15]
[0, 0, 0, 1]
[26, 16]
[1, 1, 0, 0]
[25, 17]
[1, 1, 0, 0]
[24, 18]
[1, 1, 0, 0]
[23, 19]
[1, 0, 1, 0]
[22, 20]
[1, 1, 0, 0]
[21, 21]
[0, 1, 0, 1]
[20, 22]
[0, 0, 1, 0]
[19, 23]
[1, 1, 1, 0]
[18, 24]
[1, 0, 1, 0]
[17, 25]
[1, 0, 1, 0]
[16, 26]
[0, 1, 0, 1]
[15, 27]
[0, 0, 1, 1]
[14, 28]
[1, 0, 1, 0]
[13, 29]
[0, 1, 0, 1]
[29, 14]
[0, 1, 1, 0]
[28, 15]
[0, 1, 1, 0]
[27, 16]
[1, 0, 1, 1]
[26, 17]
[1, 0, 0, 1]
[25, 18]
[1, 1, 0, 0]
[24, 19]
[0, 1, 0, 1]
[23, 20]
[1, 1, 0, 0]
[22, 21]
[1, 1, 0, 0]
[21, 22]
[0, 1, 1, 0]
[20, 23]
[1, 1, 0, 0]
[19, 24]
[0, 1, 0, 1]
[18, 25]
[0, 1, 0, 1]
[17, 26]
[1, 0, 0, 1]
[16, 27]
[0, 0, 1, 1]
[15, 28]
[0, 0, 1, 1]
[14, 29]
[1, 0, 0, 1]
[29, 15]
[1, 1, 0, 0]
[28, 16]
[0, 1, 0, 1]
[27, 17]
[0, 0, 1, 1]
[26, 18]
[1, 1, 1, 0]
[25, 19]
[1, 1, 0, 0]
[24, 20]
[1, 1, 1, 0]
[23, 21]
[1, 1, 0, 0]
[22, 22]
[1, 0, 0, 1]
[21, 23]
[1, 1, 0, 0]
[20, 24]
[1, 1, 0, 0]
[19, 25]
[1, 0, 1, 0]
[18, 26]
[0, 1, 1, 0]
[17, 27]
[0, 0, 1, 0]
[16, 28]
[0, 1, 1, 1]
[15, 29]
[0, 0, 1, 1]
[29, 16]
[1, 1, 0, 0]
[28, 17]
[0, 1, 1, 0]
[27, 18]
[1, 1, 1, 0]
[26, 19]
[1, 0, 0, 0]
[25, 20]
[1, 0, 0, 1]
[24, 21]
[1, 0, 0, 0]
[23, 22]
[0, 1, 0, 1]
[22, 23]
[1, 1, 1, 0]
[21, 24]
[1, 0, 0, 1]
[20, 25]
[0, 1, 0, 1]
[19, 26]
[1, 1, 0, 0]
[18, 27]
[0, 1, 0, 1]
[17, 28]
[1, 1, 0, 0]
[16, 29]
[0, 0, 1, 1]
[29, 17]
[1, 1, 0, 0]
[28, 18]
[1, 0, 0, 1]
[27, 19]
[0, 0, 0, 1]
[26, 20]
[0, 1, 0, 0]
[25, 21]
[0, 1, 1, 1]
[24, 22]
[1, 0, 0, 1]
[23, 23]
[1, 1, 1, 0]
[22, 24]
[0, 1, 0, 1]
[21, 25]
[1, 0, 1, 0]
[20, 26]
[1, 1, 1, 0]
[19, 27]
[1, 1, 0, 0]
[18, 28]
[1, 1, 1, 0]
[17, 29]
[0, 1, 0, 1]
[29, 18]
[0, 1, 0, 0]
[28, 19]
[0, 1, 1, 0]
[27, 20]
[1, 0, 1, 1]
[26, 21]
[1, 0, 0, 1]
[25, 22]
[0, 0, 1, 0]
[24, 23]
[1, 0, 1, 0]
[23, 24]
[1, 1, 0, 0]
[22, 25]
[0, 0, 1, 0]
[21, 26]
[1, 1, 0, 0]
[20, 27]
[1, 0, 0, 1]
[19, 28]
[1, 1, 0, 0]
[18, 29]
[1, 0, 0, 1]
[29, 19]
[1, 1, 0, 0]
[28, 20]
[0, 1, 0, 0]
[27, 21]
[0, 1, 1, 0]
[26, 22]
[0, 1, 1, 0]
[25, 23]
[0, 1, 0, 1]
[24, 24]
[1, 0, 0, 1]
[23, 25]
[0, 1, 0, 0]
[22, 26]
[1, 1, 0, 0]
[21, 27]
[0, 1, 0, 0]
[20, 28]
[1, 1, 1, 0]
[19, 29]
[0, 0, 0, 1]
[29, 20]
[1, 1, 0, 1]
[28, 21]
[1, 0, 0, 1]
[27, 22]
[1, 1, 0, 0]
[26, 23]
[1, 1, 0, 1]
[25, 24]
[0, 0, 1, 0]
[24, 25]
[1, 0, 1, 0]
[23, 26]
[1, 1, 0, 1]
[22, 27]
[1, 0, 0, 1]
[21, 28]
[1, 0, 0, 1]
[20, 29]
[0, 1, 0, 1]
[29, 21]
[0, 1, 1, 0]
[28, 22]
[1, 0, 1, 0]
[27, 23]
[1, 1, 0, 0]
[26, 24]
[0, 0, 1, 0]
[25, 25]
[0, 1, 0, 1]
[24, 26]
[1, 0, 0, 1]
[23, 27]
[0, 0, 1, 1]
[22, 28]
[0, 1, 1, 0]
[21, 29]
[1, 0, 1, 1]
[29, 22]
[0, 1, 0, 1]
[28, 23]
[1, 1, 0, 0]
[27, 24]
[0, 1, 0, 1]
[26, 25]
[1, 0, 0, 1]
[25, 26]
[0, 0, 1, 0]
[24, 27]
[0, 1, 1, 0]
[23, 28]
[1, 0, 1, 0]
[22, 29]
[0, 1, 0, 1]
[29, 23]
[1, 1, 1, 0]
[28, 24]
[1, 0, 0, 1]
[27, 25]
[0, 0, 1, 1]
[26, 26]
[0, 1, 1, 0]
[25, 27]
[1, 1, 0, 0]
[24, 28]
[0, 1, 0, 1]
[23, 29]
[1, 0, 0, 1]
[29, 24]
[0, 1, 0, 1]
[28, 25]
[0, 0, 1, 1]
[27, 26]
[1, 0, 1, 0]
[26, 27]
[1, 1, 0, 0]
[25, 28]
[1, 1, 0, 0]
[24, 29]
[0, 0, 1, 1]
[29, 25]
[0, 1, 1, 0]
[28, 26]
[0, 1, 1, 1]
[27, 27]
[1, 0, 0, 1]
[26, 28]
[1, 0, 0, 1]
[25, 29]
[0, 0, 0, 1]
[29, 26]
[1, 1, 0, 0]
[28, 27]
[0, 0, 1, 1]
[27, 28]
[0, 0, 1, 1]
[26, 29]
[0, 0, 1, 1]
[29, 27]
[0, 1, 0, 1]
[28, 28]
[0, 0, 1, 1]
[27, 29]
[0, 0, 1, 1]
[29, 28]
[0, 1, 1, 1]
[28, 29]
[0, 0, 1, 1]
[29, 29]
[0, 1, 1, 1]